615179
606595
613688
240500
118450
616139
614879
131900
173900
613662
608099
613848
610915
610498
613101
614669
605387
615411
614385
605280
613862
609923
105400
614961
135500
616413
153100
613835
605583
611407
143400
309900
249270
140700
610532
300672
613092
613791
300857
616840
615413
609637
613983
617276
611783
617087
611383
615431
613751
176670
617121
158000
613986
612877
614388
277300
615986
188055
610189
614441
300534
617113
613312
614408
606069
603830
613982
603622
259720
172800
604379
604931
614475
163950
613224
300751
211980
616622
242860
615286
602668
136880
612961
109800
166600
300802
257920
244400
605355
610168
615989
602347
613116
615010
607801
615190
601954
617166
300510
612337
616479
617187
616037
258501
147920
615184
615938
614074
309530
616873
616974
260370
176860
613120
168000
300699
613217
617320
271245
613640
612572
613723
204690
614173
615706
213300
209920
610125
613180
615501
259500
236680
605389
616437
614066
615731
105550
612921
167250
300659
616280
615993
604321
610188
613838
158810
616420
613435
108500
604841
613767
613402
606054
613495
614845
252011
614830
604403
608654
610333
160565
613703
276904
615726
616858
277470
220110
613704
615418
604391
161800
604145
276600
617006
605285
615922
248370
617143
609310
616221
256000
600965
300868
615515
300260
616116
614673
613313
615663
608629
600803
613657
300957
614899
612444
615503
616625
611554
614049
231680
614020
235555
610265
617238
169150
603553
609741
615546
605259
179850
615249
610031
251200
254210
609161
609284
109400
300799
616155
600666
227260
615376
613943
234050
615362
127000
615377
614822
615300
608233
146200
145980
613216
617336
180849
612937
266920
604131
613443
609404
615887
614739
613108
616271
601780
612124
607208
615578
607941
615629
605231
612527
616516
613090
609180
610313
616576
210210
276900
115195
607346
616481
617168
615980
204000
615081
605899
616469
614558
170390
613194
190440
614266
139090
613341
615715
601665
613706
162091
613157
187900
155240
615524
615279
613660
613172
113800
165500
612359
206900
176270
611134
616211
260350
615436
615946
613861
615830
155100
122600
256850
612015
616740
608627
606176
608808
615763
259900
415000
614468
145900
615983
300018
118800
269700
300029
613642
617052
607143
612095
612736
601414
613702
617323
261100
613674
616395
609283
614524
608404
608161
607084
268310
137800
254450
617137
611726
601820
613690
616647
614450
612900
617397
266900
613925
310300
613094
202700
610220
227645
613721
601675
609821
614228
616351
300706
613391
616411
611938
609260
616394
609311
614165
604250
254800
607791
133100
608647
609129
616549
616680
615024
614198
142946
614302
225500
617396
613150
615846
616910
613818
615716
306400
615812
615707
611498
611022
608456
616393
605258
611391
204200
610921
300934
612541
300988
308700
308350
108721
300803
614180
610246
615866
109730
603592
614035
615451
614324
615937
224050
603563
616039
608093
601678
606217
225250
614350
180800
613559
610968
613158
116200
612649
615294
125310
616286
150400
617343
214100
275200
616030
615426
300912
248600
608224
605253
612389
118300
300210
613071
613319
604400
608612
252160
616433
614340
600652
300896
253290
107480
614866
615683
253800
616835
616943
614076
610623
215100
601162
612955
615009
120100
615506
252150
616294
614650
614832
606705
613582
613707
616486
616833
615440
616860
608768
602083
309549
600881
616981
226400
605909
615107
613718
615897
608716
609015
616346
614225
609706
116600
609968
614890
610542
208000
616126
114480
608569
226900
609140
615355
606367
616198
601455
616219
613252
148820
616654
611093
160900
192500
616056
277450
236730
615984
616977
613811
615909
616270
613287
614882
607829
159900
616331
614021
615085
613550
610678
600105
103470
616801
611451
612356
614096
610489
167800
612098
611818
600118
615573
612656
615883
614820
269160
616739
613237
601369
613762
614609
608328
312170
243300
606612
615607
300978
605192
300963
262890
613265
600462
270700
252930
615327
615617
208085
162900
113900
604625
191100
614934
616324
616913
615916
300633
613957
245349
156610
311070
601885
616881
253700
603552
601813
616052
613251
613855
132600
313500
613065
314250
615750
616539
612529
613573
616684
211530
224500
604229
616151
600138
610217
114500
609322
189500
158350
617350
614152
128235
615681
300590
602032
614940
212050
602092
606070
615059
613122
610357
616399
610202
614969
615861
300640
601277
219200
600101
617022
608540
107970
300555
616922
300807
612650
610131
600638
613156
102200
614483
218800
616892
612781
300991
615122
104500
608874
600116
604091
241200
164500
205100
613021
604563
611762
615966
203780
253220
612580
615343
613500
300000
611182
615382
614617
601287
616907
614889
610425
611878
615725
600995
610832
616313
276700
233690
175900
605361
616373
613804
613244
601390
605074
615577
614699
310500
613877
117210
245400
612287
253000
201300
214400
617188
615344
613079
133780
612645
614409
614707
610878
606164
614701
200600
159000
615878
615802
252900
601110
608565
605588
613722
603387
225753
104290
208540
248900
610153
603194
203300
612567
614429
614976
275900
613686
612703
175800
616944
608415
600625
614582
613750
601709
609307
224120
142945
601596
612577
122700
614018
613390
224900
615744
612069
616398
614863
614104
600740
278300
612075
616187
607624
613286
262700
602629
612304
265450
601547
614131
611553
609452
616138
156200
616586
277580
603629
613647
266510
194070
242100
609340
614204
160120
614521
616415
612379
610181
300352
300434
609227
613970
614895
251880
607684
600972
229200
615401
616002
609200
300143
616063
614337
602433
607634
236670
210600
613830
300894
616335
614279
275100
615412
607155
123700
278150
116800
615513
617205
615761
248190
616720
614069
612702
612301
210200
174900
607785
153700
615042
616736
614492
615476
614946
615282
614675
613581
617460
200990
614749
613494
610688
609054
607078
611584
242600
612998
270550
615066
611131
616941
610093
614862
609533
615248
617046
610443
611638
614077
616389
616026
608553
129400
614867
607313
214150
604187
617391
611228
248340
616357
184840
613819
614861
609942
609981
217300
615206
616602
256370
615985
617024
137215
600512
309583
617047
601316
252920
605724
614700
611603
613954
614706
101400
612528
614870
616721
227646
613987
615895
617115
601631
259730
614782
606324
242500
615599
142690
167200
256300
617153
612952
615444
613095
614473
600143
607483
601539
612016
616322
610913
617194
614576
300645
616629
614840
602485
253601
617258
611521
256450
608641
616738
607432
615193
148300
614039
613800
614947
601894
610738
611302
616645
609975
157600
204300
613854
149730
613765
613155
613424
615917
614485
614042
607745
211400
614779
611548
614844
614305
171300
613177
614474
182250
615785
606482
128200
600630
616544
615633
615058
607821
600721
600919
617339
613119
604004
603585
613808
251850
614432
614437
217095
610253
604559
269500
614871
615774
307800
115197
614181
400044
614891
617063
312080
611544
614886
611777
606545
604367
613270
614727
607039
309120
615637
607014
606071
615834
614465
300867
600060
617102
607765
611528
610725
128100
132400
610445
609304
615551
300943
160150
607361
614496
300887
614067
613087
609265
214700
601868
617088
613195
610612
305000
615351
613115
607932
615220
616777
616636
615396
617239
123100
613990
604169
614508
609820
613612
174050
265050
613820
612838
267430
615777
606996
300607
610419
603233
614679
605711
614922
612936
617319
613038
616005
305100
146110
611277
104530
216360
614370
607596
617100
616276
617389
616158
615314
614222
615481
616140
609308
616724
616371
603034
616827
308240
613616
606068
610687
614621
613873
253600
259420
613153
614017
609560
614435
606952
268220
608681
615982
611369
608807
615872
204650
610967
259700
611092
312863
609040
616028
147950
613684
255200
157170
612518
611755
256800
615631
616894
615278
616911
617105
613118
614894
300263
611307
615005
616938
246900
613876
616668
260000
614434
601144
616355
614255
613193
604393
614916
610245
300972
616390
607677
614877
613978
613162
615266
615530
607721
614201
254090
300636
612940
606762
256030
613011
607473
617125
251450
616521
310400
602772
130900
615981
613882
612164
608931
610448
614702
614607
609273
259100
172700
615185
600858
613780
616749
600142
132900
614249
610682
615342
614072
613285
604233
615222
233650
605289
610629
276901
600852
609254
612949
613758
614196
614430
614602
614856
616364
608804
608089
251270
617271
122000
601680
612286
608996
614838
613673
616311
225060
613705
615859
610205
609286
614424
612539
224230
613812
614595
105200
614455
614219
186500
611879
613308
617402
125853
614887
616795
613280
245348
616716
254110
273300
605362
616781
605027
606764
614872
614491
617049
608323
613980
607015
614083
615277
612020
309585
617020
101800
610759
616249
616032
600775
265120
607450
611884
613493
612291
615528
603278
606685
608895
608106
610505
615031
613695
182230
308230
615398
209900
151600
608030
615728
192600
610370
122100
206100
616603
611263
600151
610828
607876
610758
612067
204500
616228
614082
242300
615952
269840
233300
612422
300558
601098
600316
614814
615378
608930
303700
145410
300400
167210
617255
612073
616208
601152
136800
251290
270800
616340
616726
608782
127750
614608
187500
175780
616307
617432
614202
608443
300844
613736
615145
617282
608644
607748
601382
163200
270685
177820
616683
616490
602390
613309
614816
614458
601543
615987
300758
615373
231050
614050
237450
600974
258450
167000
608971
226650
181350
613077
615828
606159
136760
612943
616341
617039
607554
608898
300749
613227
615504
614815
612581
615348
613769
608133
203200
607594
250950
607903
617184
616589
112240
613123
616445
180100
614935
611895
611523
604286
617315
300299
115210
608673
165300
613105
616866
253280
608567
607426
611490
616185
164400
166220
607174
615269
615415
613661
615696
608393
615905
234580
121201
615420
604232
616067
616022
310700
613916
128230
614022
614652
233400
614089
163800
614736
614565
214450
616917
607936
616281
617392
617248
607091
615873
615008
607101
614438
606785
607736
610444
203290
614885
613827
614464
612336
614563
614073
613863
615957
607694
615034
616165
615972
270100
604537
605432
612954
614134
131100
612782
193100
252010
255310
617225
612347
244460
610256
138800
614331
613710
222470
612783
215150
616339
607398
601419
600791
617114
609796
616507
614172
614859
608091
175100
114550
616868
612965
600059
616171
607259
223900
614170
610092
613693
600376
615500
615816
612158
615771
137600
300423
616038
610353
300966
617120
155255
615615
601005
614514
613756
613255
611719
614298
614431
609053
615907
601462
300919
617056
614462
615280
268130
613869
214950
300676
222765
614970
135900
600121
615723
105250
614614
607921
610003
159001
301900
616900
614750
256100
600224
183086
254130
614915
610708
615540
615851
615945
607487
608758
615274
601859
616220
270420
614662
616370
610768
617405
611875
611588
220210
614654
300354
300215
168500
256600
613192
616247
610329
601001
135700
613159
608805
615106
253310
166200
614714
606346
176807
616325
601186
609285
266265
185800
617506
615075
613652
617008
605543
226730
614486
616366
612718
300009
607341
251300
248200
607417
615473
602723
615084
602483
219150
610599
608776
300514
615978
614893
202370
118220
302060
605375
241520
300958
603896
606843
614651
183090
616353
605479
612712
305620
116100
182920
601198
117550
615548
613829
614945
617106
608840
212066
601457
309541
300554
614487
614874
210250
613327
614898
614839
615871
162000
300387
191830
615244
615092
614114
213600
616166
276300
606864
604804
614008
614941
615582
614643
613953
220290
611225
264350
617297
610244
616457
613154
235200
614129
613561
259710
312600
602089
154500
180700
613451
611819
607831
614873
614080
614436
105650
617041
615630
131760
611597
611363
187300
615350
206800
616784
193500
301835
601154
616040
609524
617304
617284
600971
603467
615803
613860
231200
612794
608380
256730
267010
613694
614205
616488
607832
616732
615112
614162
615352
616963
257270
220400
614417
610250
118100
616809
616193
146520
609646
263200
214300
614504
129500
211600
614418
601977
157640
608340
272430
616298
300983
182940
615285
256731
609597
253200
614381
616564
221770
300860
611497
108300
245480
256050
607678
302800
612621
600204
615959
300495
615073
241600
615942
616083
604348
608890
617061
616780
300055
615108
300755
613958
602088
613610
610628
263400
603554
612644
615033
151100
277180
606943
609622
212350
615616
607598
611718
615368
614500
154020
219100
601544
605462
616362
612233
277400
112600
616471
604772
614199
263520
606693
607196
616199
608810
615270
616734
614075
613955
610829
613254
602522
300850
188470
612240
182600
260300
617217
615397
614495
300984
166210
249500
607602
608751
615074
219090
613517
146550
608799
601494
104510
108600
614186
228300
605809
616570
138500
609006
233710
100300
615935
258100
220100
601650
188050
212500
613404
226700
209950
203700
239300
611493
612370
617270
273800
123150
616829
182170
609583
260600
604219
614753
612285
615483
106600
613268
309801
617073
249000
614497
615541
129490
616538
607016
613803
205950
305400
612562
115196
615356
155600
162300
615109
133239
603720
101600
613266
615724
613951
613411
614213
616326
609135
614869
617132
617526
300952
613477
615287
300982
300696
615990
257300
614876
615272
616579
615284
615502
604356
610017
603147
163500
225300
300067
617162
164280
604360
613823
312920
151660
113750
141749
612953
617013
277600
616617
614616
617086
613501
614175
610852
615007
616730
613206
616559
276710
187950
600274
617080
616688
606744
601869
604765
613887
303350
604757
177200
143880
120435
617028
145600
612964
254780
617054
182601
613801
615267
202200
613489
203100
615023
116700
617026
615885
615181
610951
613926
613720
613908
609115
616503
219000
610475
262600
613744
612199
133200
601071
300804
270960
615809
613731
601472
617017
193510
614924
612997
273750
604432
601067
615297
606056
300985
306955
602579
614207
108720
609218
237500
606966
178600
615911
617253
610127
158320
604805
151623
118200
614932
616435
613211
611788
617014
616078
616428
616672
614613
613843
616172
617070
615516
614892
615120
615636
214110
605373
610476
614499
617004
606574
612692
224690
600994
614823
609508
615552
600363
239200
201000
613148
607706
300436
609909
261550
612643
613615
615067
616828
615643
616409
300849
604307
614167
607326
616794
248390
602014
602099
600996
269400
241550
253010
609549
168601
613763
616546
614931
612563
309500
270750
614116
616212
121200
615156
300818
617023
600882
606690
615298
243310
613988
615632
224100
613243
233700
600794
609620
300472
256520
234200
605472
605376
613810
614678
600309
300243
616152
604326
614286
614226
614852
611390
615490
617433
615780
131800
218700
254300
311360
613717
616044
615491
616687
600969
610185
607364
616924
615419
275210
614299
611040
144700
171400
614696
204700
609621
127400
167320
609141
115150
614808
613881
615441
614744
615482
617341
212065
614959
254900
613837
610359
614615
615346
193900
609823
615030
604717
616562
122470
300971
611615
108900
614883
221750
610019
616217
607136
612989
203655
144200
615829
615191
136520
613807
613480
116300
600901
204100
233420
613307
300166
300635
300071
184450
610733
610021
231090
608594
229070
601626
300088
615963
614944
614583
611091
301200
615235
611561
617123
300814
256810
603511
603965
608265
228520
614153
615523
614837
107250
115700
610799
614691
615041
614111
610193
300114
615994
616494
615877
615862
611038
612999
259440
202400
613426
613794
612284
615271
613874
300614
616239
243060
614157
276902
611209
615188
601317
600132
271930
608908
200610
604364
248250
300968
603041
615468
613485
227650
617090
600513
162400
604571
615113
614433
302045
209880
610755
309510
610198
615290
616973
613428
614185
613795
602459
617228
607734
611876
119580
106210
615592
612319
109150
614640
208150
115200
612281
218330
611560
601386
614019
234810
244200
300419
124900
612310
601718
300967
610282
616946
270300
616269
604387
612201
615505
609439
613809
614091
613697
257320
239000
115310
607454
616455
613152
613659
614858
613496
609060
225750
614190
228550
613708
304400
302200
237900
616509
275355
606763
180105
615471
613826
617308
613310
613796
613151
616439
602078
617092
158600
300884
305390
617035
187800
612561
604317
616268
616300
601847
612437
603516
